10
100
667 681 302 841 220 223 350 882 550 321 330 291 192 23 623 106 18 862 292 637 395 159 208 31 513 90 131 38 676 642 433 197 662 787 742 273 926 321 178 56 964 184 770 880 980 849 316 162 9 766 849 838 90 489 652 256 109 340 272 207 791 181 594 803 260 176 201 558 673 138 144 100 404 854 574 561 344 644 391 155 260 771 382 25 610 31 285 690 99 995 292 594 770 62 47 95 173 965 792 217
100
789 104 530 455 406 803 367 413 623 765 16 156 876 740 200 914 57 964 386 43 31 649 837 153 54 915 427 62 34 405 652 318 617 675 964 811 637 179 902 594 204 419 742 619 331 33 933 419 933 314 844 722 976 326 485 434 419 791 857 413 903 556 928 893 912 283 813 284 825 232 248 238 439 90 449 748 636 141 114 822 469 147 318 694 884 335 124 24 521 2 296 790 282 902 129 687 965 29 386 142
100
155 291 81 781 260 553 330 32 667 303 592 804 31 594 187 659 672 751 550 500 812 115 934 790 413 968 645 210 614 471 184 713 669 234 824 659 370 544 934 603 680 747 684 604 882 489 175 976 969 508 814 367 322 633 227 946 946 392 588 693 348 937 570 162 837 850 690 461 186 188 141 422 98 796 257 935 409 4 897 803 689 882 651 257 574 732 189 692 108 237 959 19 324 723 941 484 914 51 910 763
100
111 58 546 11 36 454 322 156 926 536 896 587 745 88 166 808 516 372 181 520 118 996 535 421 334 373 531 466 915 507 516 71 734 999 976 56 268 839 805 401 467 864 59 310 104 809 261 550 57 295 904 65 880 705 721 228 340 934 546 679 34 846 603 71 390 217 838 205 305 126 43 791 325 159 5 426 922 672 745 798 49 728 217 757 779 943 748 873 219 618 997 331 608 115 580 806 199 562 388 334
100
48 887 863 206 154 176 424 439 370 638 419 280 803 692 642 181 889 138 711 812 265 388 862 946 386 873 7 241 767 127 493 757 431 256 170 316 918 871 196 844 264 278 632 609 263 958 871 91 386 326 596 364 844 280 410 205 122 628 218 37 99 405 40 61 990 262 497 66 955 697 483 4 555 10 148 56 823 969 972 436 332 947 711 54 65 78 797 185 282 843 931 933 352 929 435 786 311 787 122 72
100
404 969 360 513 672 398 499 24 526 248 484 647 842 423 225 850 69 271 494 125 687 378 333 302 713 587 974 462 386 639 359 947 651 305 426 714 154 924 647 235 775 386 404 933 948 632 734 13 580 800 948 776 971 754 693 413 755 271 980 190 958 126 334 594 186 974 807 63 255 628 668 228 814 688 261 782 672 459 404 351 901 520 801 218 10 636 527 381 37 606 645 590 723 686 308 836 410 275 523 487
100
26 766 859 373 620 164 344 73 584 98 726 860 390 494 309 857 88 301 703 551 575 106 83 714 448 867 158 584 151 732 985 152 242 817 459 307 383 255 215 746 513 159 632 152 214 650 180 977 776 638 312 838 840 480 933 501 438 912 461 440 985 583 71 950 869 302 549 144 469 21 836 316 88 456 128 355 919 233 512 652 48 654 57 361 365 471 53 686 412 663 782 153 882 592 619 961 360 899 828 368
100
238 36 448 832 786 671 289 381 916 276 934 892 206 801 678 196 431 538 396 696 419 452 472 917 508 798 164 674 285 363 310 652 219 873 131 788 229 424 715 203 304 936 732 907 702 32 33 106 563 546 590 204 390 937 713 964 14 493 196 507 468 293 329 286 378 509 431 22 766 93 3 408 591 441 854 690 384 340 327 674 446 179 909 36 631 312 90 459 662 325 270 130 748 472 259 922 455 388 853 335
100
346 567 318 511 760 220 738 316 775 77 694 598 912 311 365 678 957 755 184 881 637 46 960 687 91 989 704 302 688 138 670 287 155 510 708 225 77 731 456 435 499 599 845 899 594 520 618 311 104 251 747 815 575 939 664 164 381 171 107 806 987 36 93 725 518 500 476 52 791 458 16 850 331 226 818 670 358 27 105 954 372 67 465 337 477 292 736 388 193 671 584 820 145 393 637 8 59 938 67 297
100
33 984 628 156 577 147 869 974 663 212 320 608 439 304 92 237 11 890 525 144 218 656 813 747 621 288 920 865 310 503 85 818 177 233 67 153 385 302 536 701 221 684 85 896 926 478 340 479 644 408 231 714 55 363 601 606 447 884 355 475 387 524 937 726 13 399 84 215 420 770 779 347 348 460 971 151 83 644 229 102 760 538 970 59 360 188 410 779 884 39 787 511 62 708 628 639 512 291 882 351
