10
30
54 48 10 1 86 89 79 75 85 58 62 22 12 43 66 23 93 35 92 9 51 97 98 7 72 11 72 45 9 34
30
29 98 49 40 4 28 65 77 33 61 64 10 88 49 87 91 90 10 79 6 19 97 35 11 41 4 89 62 81 71
30
34 69 90 51 48 77 9 45 97 16 4 24 45 25 57 41 43 21 95 37 86 48 54 83 44 15 79 15 89 92
30
16 15 73 16 3 80 100 89 45 43 9 98 38 55 1 22 42 51 76 71 19 68 23 21 41 23 2 99 12 46
30
52 14 7 46 30 94 24 11 15 93 91 22 57 25 79 91 70 74 73 90 62 80 63 95 17 80 36 85 73 34
30
36 68 4 92 58 53 91 43 37 55 54 69 35 45 48 71 61 5 88 20 70 54 17 47 14 4 16 74 75 19
30
36 26 75 17 6 49 74 54 86 13 31 62 95 12 40 39 99 23 48 44 26 39 85 20 29 100 52 22 7 96
30
21 23 66 48 85 54 83 14 92 54 28 98 19 54 85 44 1 29 55 20 55 11 59 6 68 41 24 96 44 1
30
31 16 80 85 70 78 90 93 27 77 86 100 78 75 39 65 44 88 96 19 33 1 89 64 97 79 57 4 8 68
30
6 1 66 31 96 31 50 32 10 52 83 3 46 9 16 25 69 40 57 58 66 24 75 17 8 53 48 99 34 13
