10
30
44 77 93 80 22 19 73 18 9 42 80 79 57 59 80 77 60 42 62 93 5 19 15 32 68 38 50 57 100 74
30
42 25 83 5 18 95 40 48 81 1 19 47 57 18 76 37 54 51 2 23 95 73 84 90 22 75 4 47 28 63
30
90 23 3 62 55 45 18 53 35 24 56 51 92 72 42 69 100 60 84 77 12 95 90 45 68 37 13 70 17 39
30
29 46 87 43 82 22 10 45 81 78 98 27 41 35 15 11 86 33 11 30 22 61 72 60 42 2 34 39 47 55
30
46 79 16 55 70 14 94 11 47 68 47 87 81 87 29 68 89 28 71 53 23 72 60 42 55 32 50 35 93 30
30
35 53 12 50 63 91 31 66 22 51 49 26 88 78 5 15 46 2 17 57 6 8 97 93 14 5 57 5 21 56
30
86 50 51 72 88 93 26 80 19 71 27 18 26 89 93 59 40 4 36 75 90 99 99 87 61 25 3 72 62 26
30
37 90 78 74 60 85 34 95 43 39 13 94 85 22 80 46 26 10 2 31 58 40 14 80 22 90 65 85 85 40
30
26 72 60 19 45 52 14 7 8 23 83 32 74 51 76 32 53 48 43 95 88 93 26 58 93 34 44 2 13 79
30
82 86 40 29 1 1 96 33 3 96 65 42 53 37 2 30 75 14 90 80 44 72 23 17 72 16 77 62 84 58
