10
100
406 111 314 507 34 121 206 44 672 659 536 451 534 13 837 208 96 685 639 806 437 615 667 544 725 648 787 29 315 606 27 180 68 999 358 965 482 631 989 774 174 565 290 24 896 921 624 684 373 868 736 689 810 328 953 975 81 42 166 627 100 522 828 479 998 297 560 87 374 404 245 379 187 775 443 435 492 669 650 447 363 97 354 353 398 939 68 294 250 286 2 266 343 275 901 627 192 444 602 190
100
593 162 58 522 158 634 937 597 956 700 209 499 232 794 187 173 467 942 134 860 440 635 158 14 346 584 672 432 753 129 734 846 376 283 12 593 645 256 959 619 447 943 634 986 607 87 443 645 389 118 383 255 586 160 719 960 489 876 869 577 857 454 827 162 162 507 583 809 423 840 881 840 838 568 895 366 847 828 504 924 938 945 467 34 688 589 764 19 384 714 194 926 22 339 633 431 604 277 322 541
100
293 454 118 641 984 581 762 965 541 813 189 794 553 29 163 294 499 272 361 423 359 898 639 248 492 266 60 183 459 438 242 657 362 222 583 2 287 139 899 197 269 748 520 148 573 973 266 326 636 102 349 938 337 281 31 574 870 448 563 462 412 847 182 10 895 265 72 201 355 548 22 115 288 261 437 682 644 571 900 796 703 276 991 677 409 477 613 586 702 439 889 131 143 350 55 162 853 505 504 811
100
485 957 586 2 889 22 411 107 97 306 378 408 270 339 378 317 138 77 733 882 738 393 787 35 403 870 120 305 589 225 317 415 480 544 901 481 76 75 137 790 214 413 87 972 204 55 153 836 836 147 655 873 384 790 194 362 370 143 890 689 650 906 803 444 589 621 527 597 303 758 472 23 815 772 700 239 539 261 757 171 471 77 575 297 531 921 651 161 896 995 604 839 825 954 112 619 99 61 172 417
100
119 100 621 496 61 4 695 309 394 244 768 438 960 449 538 3 573 759 451 224 605 772 613 443 541 886 88 840 106 991 598 456 170 773 527 576 938 413 452 85 530 885 170 799 626 998 952 56 361 541 729 407 248 771 368 132 424 434 654 85 729 117 82 670 112 792 236 462 525 442 910 270 960 315 619 204 268 67 577 732 864 158 271 995 701 765 160 772 305 546 475 369 776 785 818 59 112 207 593 21
100
922 264 440 284 333 746 497 74 15 466 860 184 371 211 267 124 427 402 668 768 465 751 142 715 330 452 896 194 385 979 720 27 426 224 236 607 466 218 137 27 226 554 704 936 309 452 755 485 570 662 1 659 574 511 83 932 393 14 834 713 854 782 56 341 506 235 646 685 541 440 885 567 754 29 955 527 784 107 423 324 911 143 646 476 348 722 903 623 833 494 113 140 325 301 513 279 607 414 526 550
100
220 971 13 171 175 308 499 50 482 162 519 326 284 733 445 708 371 622 578 290 338 278 197 812 532 890 546 628 621 515 654 146 620 788 169 816 643 150 435 737 261 95 665 367 947 302 691 805 332 90 522 460 450 80 772 746 312 229 637 75 696 100 505 481 951 74 384 624 140 530 737 649 13 406 641 381 865 732 854 349 497 899 901 63 421 329 504 252 776 56 595 493 865 16 103 730 952 146 4 405
100
675 708 380 85 504 696 991 610 983 404 227 802 947 230 970 697 548 440 730 788 424 316 237 258 1000 122 927 177 904 852 697 82 472 226 741 642 145 545 700 271 107 792 74 230 865 229 12 25 835 527 385 215 254 692 733 836 143 747 833 591 312 147 901 17 686 49 980 769 440 938 387 525 465 626 175 799 242 379 355 782 248 361 808 778 304 575 266 160 234 70 989 71 120 997 137 333 281 74 639 24
100
382 698 500 546 710 541 12 892 789 841 931 627 230 209 942 305 104 316 780 943 258 669 757 542 991 107 830 416 866 600 97 434 460 25 236 747 322 824 121 472 166 998 686 885 87 100 394 757 259 848 640 474 730 499 862 317 186 920 758 808 988 694 270 26 603 307 884 411 982 750 604 491 710 152 482 782 355 715 411 150 228 994 370 977 848 382 680 691 569 685 589 418 966 390 33 332 796 947 414 173
100
554 24 215 142 615 661 99 484 641 16 999 118 449 530 422 560 948 863 995 395 903 315 213 174 786 395 471 584 903 160 882 76 314 252 488 666 704 451 767 708 581 661 134 640 73 55 570 995 616 100 651 887 185 876 689 397 872 383 143 913 982 851 233 611 826 225 996 595 588 838 355 364 217 264 545 365 913 141 708 492 902 4 973 740 347 173 389 652 122 796 879 100 259 329 268 965 336 438 909 658
