10
100
242 544 636 583 709 448 280 621 687 146 352 448 451 147 437 490 689 496 168 778 286 468 214 235 64 926 76 721 444 49 871 663 833 859 815 998 500 7 772 145 785 311 258 629 244 957 88 625 219 936 737 131 288 685 319 247 280 558 93 955 373 403 157 311 159 747 431 945 209 66 966 159 389 172 206 384 810 313 68 894 922 938 678 405 597 468 618 70 132 552 54 127 145 49 708 742 41 526 640 200
100
894 503 273 713 188 676 234 921 881 941 839 124 88 794 619 798 396 280 180 312 851 140 679 233 903 87 382 245 309 960 477 821 901 695 565 851 475 570 604 281 120 361 170 188 849 513 269 297 165 543 749 547 214 520 108 925 944 298 573 449 11 265 347 329 625 702 693 192 312 845 86 551 15 812 535 729 43 395 386 390 963 594 981 237 768 963 869 246 712 7 66 419 667 906 459 933 788 401 22 480
100
232 626 680 757 947 387 879 345 94 844 992 533 734 269 100 92 574 853 858 642 195 612 24 116 406 821 75 446 850 541 565 940 821 320 888 206 849 899 583 377 658 669 495 141 935 454 273 76 663 918 295 615 881 251 308 721 51 74 216 926 341 457 380 526 388 952 162 941 406 662 843 669 918 26 278 624 376 15 490 514 306 946 644 15 768 90 352 325 968 969 149 520 945 608 903 505 676 479 689 965
100
72 891 298 137 98 211 80 441 440 836 545 981 703 208 168 420 351 459 48 358 556 548 714 342 203 958 68 66 173 425 100 173 359 248 100 769 237 738 990 919 900 272 789 772 549 379 266 38 769 373 55 546 926 410 536 497 305 595 980 124 974 24 942 482 235 375 913 473 578 295 92 944 385 148 823 865 169 49 480 208 438 466 237 198 720 270 309 750 607 328 236 978 89 788 295 152 234 728 901 793
100
634 426 447 612 908 569 176 574 860 421 638 137 921 103 822 72 823 427 134 200 445 862 109 82 690 613 642 301 455 711 279 989 535 866 207 296 336 122 635 369 731 538 754 128 704 625 451 506 873 13 543 253 808 786 870 114 267 307 33 390 256 847 604 642 976 240 350 923 614 318 908 726 2 418 570 666 710 536 731 811 135 266 750 199 500 299 601 788 698 635 92 713 285 997 793 311 526 594 169 777
100
981 905 278 702 621 815 112 721 755 359 821 90 382 297 426 821 996 184 944 344 140 540 804 23 352 894 802 461 992 629 36 862 415 848 140 964 315 210 874 423 965 364 680 207 178 373 125 762 133 527 798 871 634 134 100 507 35 163 742 18 966 128 127 226 491 470 4 258 734 898 73 768 282 700 129 428 313 100 867 67 708 75 338 565 503 862 614 457 68 48 848 772 657 52 825 231 138 808 813 756
100
122 805 88 517 358 590 78 259 249 382 457 937 720 449 145 741 747 274 446 10 444 468 415 125 867 694 878 31 852 401 917 900 805 798 469 496 510 441 845 914 623 614 818 952 575 435 53 675 856 811 865 777 286 527 789 944 516 887 150 385 765 821 428 537 649 182 87 588 637 493 818 978 579 714 975 731 405 158 101 45 536 492 922 396 829 853 230 780 31 4 774 553 563 531 959 320 708 249 279 924
100
586 358 508 245 125 689 791 672 236 784 961 893 968 376 474 12 326 458 45 415 567 161 389 75 701 839 355 499 198 43 519 568 643 850 18 990 27 296 25 850 238 140 993 490 826 3 75 971 397 116 452 221 284 159 929 118 244 566 730 702 633 324 63 619 474 577 833 801 326 962 683 407 734 597 119 546 417 338 773 232 607 775 684 716 173 112 99 678 333 930 489 670 203 464 372 234 638 736 96 714
100
415 824 808 186 473 396 202 887 25 834 741 713 925 827 233 898 707 248 795 372 399 738 296 302 677 295 606 35 90 977 588 854 935 249 83 691 733 971 821 222 443 34 162 780 528 192 327 346 513 138 220 184 201 875 686 68 675 159 594 765 160 865 105 967 694 42 840 530 649 948 685 889 359 554 142 783 714 696 138 669 295 250 88 387 736 233 367 569 890 60 431 233 958 637 303 797 89 161 828 554
100
772 317 911 926 297 694 211 377 402 471 550 119 829 383 461 667 176 447 56 589 697 505 465 928 452 440 983 701 977 506 644 232 745 553 668 629 371 701 864 746 902 92 513 961 380 596 190 333 590 1 835 839 152 137 476 693 875 776 106 368 268 524 63 869 756 487 938 626 190 154 971 478 474 891 610 673 81 106 894 216 855 805 935 476 482 962 398 267 256 394 306 818 965 126 855 875 346 842 11 555
