10
15
592036638 512270301 204941133 777540669 61967832 59260915 127656681 753646376 946811421 605157680 413681815 585420763 784648583 641343089 739522169
15
96225251 8320297 8644578 21495911 145378026 805800750 945450037 904956397 455985302 296620067 882326843 838309322 396068525 799283488 926817037
15
64933514 699306729 273193273 686033962 512582015 695858429 562028779 216691392 674039573 774501310 674938190 302511868 280600204 512712407 872782469
15
677575096 420057313 812143486 494588004 808494306 919154181 349629196 828458025 32775785 544694735 510665263 987582037 741666976 845598179 545765884
15
774971918 371730026 115528414 963592614 328471965 903106574 977457340 744421694 732649666 504796111 844142278 601814687 75994816 132074708 62829591
15
537179691 681990184 35609116 58655915 697423353 588934172 639779016 362586953 995702946 198565285 8383042 289074304 894780795 357898357 305231675
15
342989322 37894325 829433651 93746060 642393567 438978352 523273816 941802503 214591681 386923069 469742497 190687188 545969503 321258308 442520364
15
412508883 271736759 936688339 189145049 583674375 110899384 202512647 66833353 423490303 988631424 627148261 643299206 403642570 133664558 632505311
15
272439676 803224998 306152566 567785174 931899627 85930062 773916951 346963954 934029632 751756393 503348241 192261916 504380901 816989519 362642032
15
779460908 767360322 114880808 887042930 120859388 644372760 461071609 899047137 806229310 727347656 212696509 287540401 444547526 860543551 390747026
