10
30
34 83 54 55 83 39 83 93 2 67 66 13 49 32 83 29 55 65 68 59 21 38 30 12 58 40 34 12 60 57
30
48 60 31 76 49 28 24 3 85 35 55 28 60 57 8 72 74 79 61 40 22 28 67 60 21 58 90 67 92 21
30
83 57 74 45 51 31 77 81 1 95 6 15 89 36 97 29 70 40 23 14 20 73 53 26 20 71 96 10 87 1
30
89 52 42 77 35 81 75 19 96 35 23 41 52 45 25 40 66 91 32 16 81 30 84 9 57 65 92 4 9 91
30
55 57 30 14 65 44 96 47 72 71 53 65 12 44 41 1 94 59 66 29 18 21 13 84 65 1 90 53 28 27
30
64 64 9 79 17 25 18 95 51 41 96 23 71 40 34 51 75 51 34 89 20 46 10 91 79 74 32 20 57 53
30
66 73 21 88 7 19 50 10 76 15 12 76 38 8 48 18 39 58 34 62 84 33 26 1 91 89 49 46 100 38
30
90 74 82 75 17 99 43 53 15 68 79 26 67 14 69 50 49 12 73 16 23 75 90 1 71 29 62 66 69 41
30
68 13 91 22 15 12 9 82 15 45 88 73 55 54 30 11 79 6 70 56 90 100 97 75 15 24 22 32 10 76
30
92 78 35 36 96 62 58 35 9 60 96 73 25 3 58 40 52 82 28 13 36 11 7 45 16 75 30 4 45 72
