10
100
423 156 453 781 861 583 940 387 217 434 751 475 764 140 351 996 138 876 781 129 805 60 740 267 687 839 604 629 413 619 553 443 542 945 608 219 693 711 803 686 272 454 351 401 992 325 161 845 384 178 477 832 715 894 697 683 878 55 490 248 530 409 698 517 924 439 867 955 851 719 191 798 669 249 640 369 616 938 354 618 945 852 282 717 361 75 628 807 455 298 596 898 537 838 423 793 636 624 232 838
100
570 336 660 426 567 688 723 424 65 580 425 765 380 851 620 96 34 505 583 778 286 78 623 10 541 399 824 341 891 276 784 848 526 433 279 915 977 573 515 993 373 664 980 378 259 778 115 828 901 231 938 66 156 576 23 956 884 910 877 408 633 31 171 931 677 311 372 151 198 61 740 453 360 233 895 752 73 391 310 653 779 728 460 939 982 897 61 384 902 112 42 556 782 15 800 151 925 888 677 398
100
121 869 41 723 602 613 103 344 988 932 208 657 885 618 871 554 411 666 425 123 784 736 361 844 324 907 475 418 117 152 238 775 522 853 392 559 682 541 708 810 80 545 618 53 718 547 701 932 710 652 635 198 304 821 961 986 758 309 608 570 853 536 451 912 146 141 804 686 232 349 291 651 748 815 857 582 587 959 531 492 343 951 566 26 546 231 762 828 104 6 375 494 505 526 428 220 349 134 181 362
100
544 676 578 775 566 417 469 315 906 640 512 151 916 434 129 758 587 494 38 770 790 221 160 898 797 674 5 732 75 776 16 821 753 897 420 49 564 778 648 177 231 894 79 510 188 512 5 889 567 608 300 722 113 478 241 928 587 60 536 619 854 240 260 999 198 177 86 749 248 805 906 233 71 302 601 527 919 358 655 368 294 35 716 619 189 865 382 972 274 639 85 839 881 992 393 113 283 194 747 165
100
228 283 103 587 895 739 876 597 667 27 620 726 92 701 950 627 663 438 978 292 522 584 677 374 876 431 129 46 940 65 741 800 186 536 22 585 313 202 804 641 490 771 433 959 746 50 613 656 858 256 201 952 493 657 165 535 733 627 535 200 163 748 356 212 558 540 910 321 255 808 872 872 285 603 980 661 160 154 418 663 77 221 908 716 102 174 464 797 383 253 494 685 653 238 958 119 802 580 81 502
100
660 902 706 730 767 570 913 372 644 698 516 552 995 583 107 260 856 551 708 60 783 588 315 264 199 572 496 999 972 58 102 302 660 347 632 337 627 655 804 957 959 39 319 625 461 225 99 505 313 611 27 763 31 967 300 44 502 973 536 405 907 237 132 927 10 116 164 894 991 854 760 811 420 577 259 449 9 187 56 785 558 818 322 959 684 779 786 752 832 543 287 783 182 481 656 886 79 864 867 147
100
161 580 265 966 437 289 927 762 330 603 40 270 878 762 837 133 439 526 543 519 614 465 662 360 834 348 99 604 422 817 803 165 564 124 256 866 953 471 261 171 377 595 493 96 904 468 526 741 78 62 885 886 18 183 702 235 463 714 170 175 492 893 558 828 705 10 931 60 873 923 223 812 507 606 805 482 759 578 295 955 777 110 4 826 187 224 928 540 751 267 953 699 712 904 714 454 791 881 576 121
100
716 761 26 266 247 665 835 442 874 741 987 230 795 942 78 815 844 938 547 967 605 289 482 786 891 767 680 409 645 60 788 184 658 611 670 310 699 494 822 343 289 881 113 476 188 237 249 98 64 677 527 118 514 181 14 991 770 899 628 388 600 853 79 230 311 516 970 871 5 237 122 290 650 169 622 105 112 898 169 368 586 805 24 298 357 543 354 143 16 726 272 882 406 557 766 990 277 772 376 240
100
461 976 811 411 5 364 206 814 682 700 8 621 899 794 240 888 449 669 886 748 376 498 818 62 713 152 581 906 462 532 621 676 512 846 504 489 846 228 350 161 220 700 718 133 934 465 350 971 513 171 399 979 419 319 966 167 261 54 763 487 711 327 772 165 36 700 206 239 461 259 211 404 629 558 666 983 698 70 626 717 747 36 649 175 937 470 778 402 490 455 861 532 441 814 446 119 921 359 721 314
100
71 955 791 446 930 542 711 427 354 996 26 665 369 552 406 885 190 195 51 280 359 424 595 248 944 782 326 617 508 982 466 535 784 223 424 293 129 175 421 337 829 374 221 920 78 908 777 266 888 344 267 998 463 669 813 579 595 56 149 249 638 752 709 128 806 579 552 128 708 374 628 678 121 335 166 856 573 254 12 961 736 556 282 35 129 183 154 959 954 60 852 645 424 472 10 64 787 44 446 222
